n=162
g
26 27 28 29 30 31 32 33 34 35 36 37 38 39 40 41 42 43 44 45 46 47 48 49 50 51 52 53 54 55 56 57 58 59 60 61 62 63 64 65 66 67 68 69 70 71 72 73 74 75 76 77 78 79 80 81;
22 23 24 25 30 31 32 33 34 35 36 37 38 39 40 41 42 43 44 45 46 47 48 49 50 51 52 53 82 83 84 85 86 87 88 89 90 91 92 93 94 95 96 97 98 99 100 101 102 103 104 105 106 107 108 109;
22 23 24 25 26 27 28 29 34 35 36 37 38 39 40 41 42 43 44 45 54 55 56 57 58 59 60 61 82 83 84 85 86 87 88 89 110 111 112 113 114 115 116 117 118 119 120 121 122 123 124 125 126 127 128 129;
22 23 24 25 26 27 28 29 30 31 32 33 38 39 40 41 46 47 48 49 54 55 56 57 62 63 64 65 82 83 84 85 90 91 92 93 110 111 112 113 130 131 132 133 134 135 136 137 138 139 140 141 142 143 144 145;
22 23 24 25 26 27 28 29 30 31 32 33 34 35 36 37 50 51 52 53 58 59 60 61 62 63 64 65 86 87 88 89 90 91 92 93 110 111 112 113 146 147 148 149 150 151 152 153 154 155 156 157 158 159 160 161;
21 23 24 25 27 28 29 31 32 33 35 36 37 39 40 41 42 46 50 54 58 62 66 67 68 69 70 71 82 86 90 94 95 96 97 98 99 110 114 115 116 117 118 119 130 131 132 133 134 135 146 147 148 149 150 151;
21 23 24 25 26 28 29 30 32 33 34 36 37 38 40 41 43 46 51 55 58 63 66 67 72 73 74 75 83 87 91 94 95 100 101 102 103 111 114 115 120 121 122 123 130 131 136 137 138 139 146 147 152 153 154 155;
21 23 24 25 26 27 29 30 31 33 34 35 37 38 39 41 42 47 51 55 59 62 68 69 72 73 76 77 84 88 92 94 96 100 104 105 106 112 114 116 120 124 125 126 130 132 136 140 141 142 146 148 152 156 157 158;
21 23 24 25 26 27 28 30 31 32 34 35 36 38 39 40 43 47 50 54 59 63 70 71 74 75 76 77 85 89 93 95 96 100 107 108 109 113 115 116 120 127 128 129 131 132 136 143 144 145 147 148 152 159 160 161;
21 22 24 25 27 28 29 30 32 33 34 35 37 38 39 40 44 48 50 55 60 64 66 68 74 76 78 79 82 87 92 94 97 101 104 107 108 113 115 117 121 124 125 127 132 133 137 138 140 143 149 150 152 153 156 159;
21 22 24 25 26 28 29 31 32 33 34 35 36 38 39 41 45 48 51 54 60 65 67 68 74 77 80 81 83 86 93 95 97 101 105 106 109 112 114 117 121 126 128 129 134 135 136 139 140 143 148 151 154 155 156 159;
21 22 24 25 26 27 29 30 31 32 35 36 37 38 40 41 44 49 51 54 61 64 66 69 75 76 80 81 84 89 90 96 97 102 103 104 109 111 118 119 120 121 126 127 130 133 139 140 144 145 147 151 153 157 158 159;
21 22 24 25 26 27 28 30 31 33 34 36 37 39 40 41 45 49 50 55 61 65 67 69 75 77 78 79 85 88 91 98 99 100 101 104 109 110 116 117 122 123 126 127 131 133 139 141 142 143 146 151 153 156 160 161;
21 22 23 25 27 28 29 30 31 33 34 35 36 38 40 41 42 48 52 56 61 63 66 70 72 77 78 80 85 87 90 95 98 102 104 105 107 112 117 118 120 122 124 128 132 134 137 139 141 144 146 149 154 157 159 160;
21 22 23 25 26 28 29 30 31 32 34 35 37 39 40 41 43 48 53 57 61 62 67 70 72 76 79 81 84 86 91 94 98 102 106 108 109 113 116 119 121 123 124 128 133 135 136 138 141 144 147 149 154 156 158 161;
21 22 23 25 26 27 29 31 32 33 34 36 37 38 39 40 42 49 53 57 60 63 67 71 73 76 78 80 83 89 92 97 99 100 102 106 107 110 115 119 122 125 126 128 130 134 138 141 143 145 148 149 153 155 157 161;
21 22 23 25 26 27 28 30 32 33 35 36 37 38 39 41 43 49 52 56 60 62 66 71 73 77 79 81 82 88 93 96 98 101 103 106 107 111 114 119 122 124 127 129 131 134 138 140 142 144 150 151 152 154 157 161;
21 22 23 24 27 28 29 30 31 32 34 36 37 38 39 41 44 46 52 57 59 65 68 70 73 75 78 81 85 86 92 96 99 101 102 105 108 111 115 118 123 124 126 129 133 134 136 137 142 145 146 150 155 158 159 161;
21 22 23 24 26 28 29 30 31 33 35 36 37 38 39 40 45 46 53 56 59 64 69 71 72 74 78 81 84 87 93 97 98 100 103 105 108 110 114 118 123 125 127 128 132 135 138 139 142 145 147 150 155 156 157 160;
21 22 23 24 26 27 29 30 32 33 34 35 36 39 40 41 44 47 53 56 58 65 69 70 73 74 79 80 83 88 90 94 99 103 105 107 109 113 117 119 120 123 125 129 131 135 137 140 141 145 148 150 153 154 158 160;
21 22 23 24 26 27 28 31 32 33 34 35 37 38 40 41 45 47 52 57 58 64 68 71 72 75 79 80 82 89 91 95 99 103 104 106 108 112 116 118 121 122 125 129 130 135 137 142 143 144 149 151 152 155 158 160;
42 43 44 45 46 47 48 49 50 51 52 53 54 55 56 57 58 59 60 61 62 63 64 65 82 83 84 85 86 87 88 89 90 91 92 93 110 111 112 113;
42 43 46 47 50 51 54 55 58 59 62 63 66 67 68 69 70 71 72 73 74 75 76 77 94 95 96 100 114 115 116 120 130 131 132 136 146 147 148 152;
44 45 48 49 50 51 54 55 60 61 64 65 66 67 68 69 74 75 76 77 78 79 80 81 97 101 104 109 117 121 126 127 133 139 140 143 151 153 156 159;
42 43 48 49 52 53 56 57 60 61 62 63 66 67 70 71 72 73 76 77 78 79 80 81 98 102 106 107 119 122 124 128 134 138 141 144 149 154 157 161;
44 45 46 47 52 53 56 57 58 59 64 65 68 69 70 71 72 73 74 75 78 79 80 81 99 103 105 108 118 123 125 129 135 137 142 145 150 155 158 160;
42 44 46 48 50 52 66 68 70 78 82 85 86 87 90 92 94 95 96 97 98 99 101 102 104 105 107 108 115 117 118 124 132 133 134 137 146 149 150 159;
43 45 46 48 51 53 67 72 74 81 83 84 86 87 91 93 94 95 97 98 100 101 102 103 105 106 108 109 114 121 123 128 135 136 138 139 147 154 155 156;
42 44 47 49 51 53 69 73 76 80 83 84 88 89 90 92 94 96 97 99 100 102 103 104 105 106 107 109 119 120 125 126 130 140 141 145 148 153 157 158;
43 45 47 49 50 52 71 75 77 79 82 85 88 89 91 93 95 96 98 99 100 101 103 104 106 107 108 109 116 122 127 129 131 142 143 144 151 152 160 161;
42 45 54 57 58 60 67 68 71 80 82 83 86 89 95 97 99 106 110 112 114 115 116 117 118 119 121 122 125 126 128 129 130 134 135 143 148 149 151 155;
43 44 55 56 58 60 66 73 74 79 82 83 87 88 94 101 103 107 111 113 114 115 117 119 120 121 122 123 124 125 127 129 131 137 138 140 150 152 153 154;
42 45 55 56 59 61 69 72 77 78 84 85 87 88 98 100 104 105 110 112 114 116 117 118 120 122 123 124 125 126 127 128 132 139 141 142 146 156 157 160;
43 44 54 57 59 61 70 75 76 81 84 85 86 89 96 102 108 109 111 113 115 116 118 119 120 121 123 124 126 127 128 129 133 136 144 145 147 158 159 161;
46 49 54 56 62 64 66 69 71 81 82 84 90 93 96 97 98 103 110 111 114 118 119 127 130 131 132 133 134 135 138 139 140 142 144 145 147 150 151 157;
46 49 55 57 63 65 67 73 75 78 83 85 91 92 99 100 101 102 110 111 115 122 123 126 130 131 133 134 136 137 138 139 141 142 143 145 146 153 155 161;
47 48 55 57 62 64 68 72 76 79 82 84 91 92 94 104 106 108 112 113 116 121 124 125 130 132 133 135 136 137 138 140 141 142 143 144 149 152 156 158;
47 48 54 56 63 65 70 74 77 80 83 85 90 93 95 105 107 109 112 113 117 120 128 129 131 132 134 135 136 137 139 140 141 143 144 145 148 154 159 160;
50 53 58 61 62 65 67 69 70 79 86 88 90 91 94 98 99 109 110 113 116 117 119 123 131 133 135 141 146 147 148 149 150 151 153 154 156 158 160 161;
51 52 58 61 63 64 66 72 75 80 87 89 90 91 95 102 103 104 111 112 118 120 121 122 130 137 139 144 146 147 149 151 152 153 154 155 157 158 159 160;
51 52 59 60 62 65 68 73 77 81 86 88 92 93 96 101 105 106 111 112 114 124 126 129 134 136 140 142 146 148 150 151 152 154 155 156 157 158 159 161;
50 53 59 60 63 64 71 74 76 78 87 89 92 93 97 100 107 108 110 113 115 125 127 128 132 138 143 145 147 148 149 150 152 153 155 156 157 159 160 161;
64 65 74 75 79 81 91 93 101 103 108 109 111 113 121 123 127 129 131 133 135 136 137 138 139 140 142 143 144 145 147 150 151 152 153 154 155 156 158 159 160 161;
64 65 68 69 78 80 90 92 97 99 104 105 110 112 117 118 125 126 130 132 133 134 135 137 139 140 141 142 143 145 146 148 149 150 151 153 155 156 157 158 159 160;
62 63 67 71 72 77 91 93 95 98 100 106 110 112 114 116 122 128 130 131 132 134 135 136 138 139 141 142 143 144 146 147 148 149 151 152 154 155 156 157 160 161;
62 63 66 70 73 76 90 92 94 96 102 107 111 113 115 119 120 124 130 131 132 133 134 136 137 138 140 141 144 145 146 147 148 149 150 152 153 154 157 158 159 161;
60 61 76 77 79 80 88 89 104 106 107 109 112 113 116 117 119 120 121 122 124 125 126 127 128 129 140 141 143 144 148 149 151 152 153 154 156 157 158 159 160 161;
60 61 66 67 78 81 86 87 97 98 101 102 110 111 114 115 117 118 119 121 122 123 124 126 127 128 133 134 138 139 146 147 149 150 151 153 154 155 156 157 159 161;
58 59 69 71 73 75 88 89 96 99 100 103 110 111 114 115 116 118 119 120 122 123 125 126 127 129 130 131 142 145 146 147 148 150 151 152 153 155 157 158 160 161;
58 59 68 70 72 74 86 87 94 95 105 108 112 113 114 115 116 117 118 120 121 123 124 125 128 129 132 135 136 137 146 147 148 149 150 152 154 155 156 158 159 160;
56 57 72 73 80 81 83 84 102 103 105 106 111 112 114 118 119 120 121 122 123 124 125 126 128 129 130 134 135 136 137 138 139 140 141 142 144 145 154 155 157 158;
56 57 70 71 78 79 82 85 98 99 107 108 110 113 115 116 117 118 119 122 123 124 125 127 128 129 131 132 133 134 135 137 138 141 142 143 144 145 149 150 160 161;
54 55 67 69 74 76 83 84 94 97 100 109 110 113 114 115 116 117 119 120 121 123 125 126 127 128 130 131 132 133 135 136 138 139 140 141 143 145 147 148 153 156;
54 55 66 68 75 77 82 85 95 96 101 104 111 112 114 115 116 117 118 120 121 122 124 126 127 129 130 131 132 133 134 136 137 139 140 142 143 144 146 151 152 159;
72 73 78 79 87 88 91 92 94 98 99 100 101 102 103 104 105 106 107 108 122 123 124 125 137 138 141 142 146 149 150 152 153 154 155 156 157 158 160 161;
70 71 80 81 86 89 90 93 95 96 97 98 99 102 103 105 106 107 108 109 118 119 128 129 134 135 144 145 147 148 149 150 151 154 155 157 158 159 160 161;
67 68 75 76 86 89 91 92 94 95 96 97 99 100 101 102 104 106 108 109 115 116 121 126 130 133 136 143 146 147 148 149 151 152 153 155 156 158 159 161;
66 69 74 77 87 88 90 93 94 95 96 97 98 100 101 103 104 105 107 109 114 117 120 127 131 132 139 140 146 147 148 150 151 152 153 154 156 157 159 160;
76 77 78 81 84 85 92 93 96 97 98 100 101 102 104 105 106 107 108 109 124 126 127 128 132 133 134 136 138 139 140 141 142 143 144 145 156 157 159 161;
66 67 79 80 82 83 90 91 94 95 97 98 99 101 102 103 104 106 107 109 117 119 121 122 130 131 133 134 135 137 138 139 140 141 143 144 149 151 153 154;
69 70 72 75 84 85 90 91 94 95 96 98 99 100 102 103 104 105 108 109 116 118 120 123 130 131 132 133 135 136 137 139 141 142 144 145 146 147 158 160;
68 71 73 74 82 83 92 93 94 95 96 97 99 100 101 103 105 106 107 108 114 115 125 129 130 131 132 134 135 136 137 138 140 142 143 145 148 150 152 155;
74 75 78 80 83 85 87 89 95 97 99 100 101 102 103 104 105 107 108 109 115 117 118 120 121 122 123 125 126 127 128 129 137 139 143 145 153 155 159 160;
68 69 79 81 82 84 86 88 94 96 97 98 99 101 103 104 105 106 108 109 114 116 117 118 119 121 123 124 125 126 127 129 133 135 140 142 150 151 156 158;
67 70 73 77 83 85 86 88 94 95 96 98 99 100 101 102 105 106 107 109 114 115 116 117 119 120 122 123 124 126 128 129 131 134 136 141 146 148 154 161;
66 71 72 76 82 84 87 89 94 95 96 97 98 100 102 103 104 106 107 108 114 115 116 118 119 120 121 122 124 125 127 128 130 132 138 144 147 149 152 157;
83 84 85 86 88 89 91 92 93 99 100 105 106 108 109 110 112 113 116 123 125 126 128 129 135 136 141 142 143 145 148 155 156 158 160 161;
82 84 85 87 88 89 90 92 93 96 103 104 105 107 108 111 112 113 118 120 124 125 127 129 132 137 140 142 144 145 150 152 157 158 159 160;
83 84 85 87 88 89 90 91 93 98 100 102 103 107 109 110 111 113 119 120 122 123 127 128 131 138 139 141 144 145 147 153 154 157 160 161;
82 83 85 86 87 89 91 92 93 95 101 102 106 107 108 111 112 113 115 121 122 124 128 129 134 136 137 138 143 144 149 152 154 155 159 161;
82 83 84 87 88 89 91 92 93 97 100 101 103 104 106 110 111 112 114 121 122 125 126 127 130 138 139 140 142 143 151 152 153 155 156 157;
83 84 85 86 87 88 90 91 92 94 101 102 104 105 109 111 112 113 117 120 121 123 124 126 133 136 137 139 140 141 146 153 154 156 158 159;
82 83 85 86 88 89 90 92 93 96 97 99 101 107 109 110 111 113 115 117 119 126 127 129 131 133 134 140 143 145 148 150 151 153 159 161;
82 84 85 86 87 89 90 91 93 95 97 98 104 108 109 110 112 113 116 117 118 121 127 128 132 133 135 139 143 144 147 149 151 156 159 160;
82 84 85 86 88 89 90 91 92 96 98 99 102 104 106 110 111 112 116 118 119 122 124 126 130 133 134 141 142 144 146 149 151 157 158 161;
82 83 84 86 87 88 90 92 93 94 97 98 105 106 107 110 112 113 114 117 119 124 125 128 132 134 135 138 140 141 148 149 150 154 156 157;
82 83 85 86 87 88 90 91 93 95 98 99 101 103 105 110 111 112 114 117 118 122 123 129 131 134 135 137 139 142 146 150 151 154 155 160;
82 83 84 86 87 89 90 91 92 94 97 99 102 103 108 110 111 113 115 118 119 121 123 125 130 133 135 137 138 145 147 149 150 153 155 158;
82 83 84 86 88 89 90 91 93 94 95 96 103 106 109 111 112 113 114 116 119 120 121 129 130 131 135 136 140 144 147 148 151 152 154 158;
83 84 85 86 87 89 90 92 93 95 96 97 100 102 105 110 111 112 114 115 118 120 126 128 130 132 134 136 139 145 146 147 148 155 157 159;
82 84 85 86 87 88 91 92 93 94 96 98 100 101 108 110 111 113 114 115 116 123 124 127 131 132 133 136 138 142 146 147 150 152 156 161;
82 83 85 87 88 89 90 91 92 94 95 99 100 104 107 110 112 113 115 116 117 120 122 125 130 131 132 137 141 143 146 148 149 152 153 160;
100 102 105 109 120 123 126 128 136 139 141 145 146 147 148 153 154 155 156 157 158 159 160 161;
96 98 104 108 116 118 124 127 132 133 142 144 146 147 149 150 151 152 156 157 158 159 160 161;
95 99 101 107 115 117 122 129 131 134 137 143 146 148 149 150 151 152 153 154 155 159 160 161;
94 97 103 106 114 119 121 125 130 135 138 140 147 148 149 150 151 152 153 154 155 156 157 158;
100 103 104 107 120 122 125 127 130 131 132 137 138 139 140 141 142 143 144 145 152 153 157 160;
96 99 106 109 116 119 126 129 130 131 133 134 135 136 140 141 142 143 144 145 148 151 158 161;
95 97 102 108 115 118 121 128 130 132 133 134 135 136 137 138 139 143 144 145 147 149 155 159;
94 98 101 105 114 117 123 124 131 132 133 134 135 136 137 138 139 140 141 142 146 150 154 156;
100 101 106 108 114 115 116 121 122 123 124 125 126 127 128 129 136 138 142 143 152 155 156 161;
96 97 105 107 114 115 117 118 119 120 124 125 126 127 128 129 132 134 140 145 148 150 157 159;
95 98 103 109 114 116 117 118 119 120 121 122 123 127 128 129 131 135 139 144 147 151 154 160;
94 99 102 104 115 116 117 118 119 120 121 122 123 124 125 126 130 133 137 141 146 149 153 158;
110 111 112 118 122 126 127 128 129 134 139 142 143 144 145 151 155 157 159 160 161;
110 111 113 119 123 124 125 126 127 133 138 140 141 142 145 150 153 156 157 158 161;
110 112 113 117 121 122 123 125 128 135 137 138 139 141 143 149 153 154 155 156 160;
111 112 113 116 120 122 123 124 129 131 136 137 141 142 144 146 152 154 158 160 161;
111 112 113 115 120 121 125 126 129 130 136 137 140 143 145 148 152 153 155 158 159;
111 112 113 114 120 121 124 127 128 132 136 138 139 140 144 147 152 154 156 157 159;
111 112 113 117 118 119 121 124 129 133 134 135 137 140 144 149 150 151 154 158 159;
110 112 113 116 118 119 120 125 128 130 132 135 141 144 145 147 148 149 157 158 160;
110 112 113 114 116 117 125 127 129 131 132 135 140 142 143 148 150 151 152 156 160;
110 112 113 115 116 117 124 126 128 132 133 134 136 141 143 146 148 149 156 159 161;
110 111 113 114 115 119 123 128 129 131 134 135 136 138 145 147 148 150 154 155 161;
110 111 113 115 116 119 121 122 127 130 131 133 138 143 144 147 149 151 152 153 161;
110 111 113 115 117 118 120 123 127 131 132 133 137 139 145 146 147 150 153 159 160;
110 111 112 114 116 118 121 123 126 130 133 135 136 139 142 146 147 151 155 156 158;
110 111 112 114 117 119 120 122 126 130 131 134 139 140 141 146 148 151 153 154 157;
110 111 112 114 115 118 122 124 125 130 132 134 137 138 142 146 149 150 152 155 157;
120 121 124 129 136 137 140 144 152 154 158 159;
116 117 125 128 132 135 141 143 148 149 156 160;
115 119 123 127 131 133 138 145 147 150 153 161;
114 118 122 126 130 134 139 142 146 151 155 157;
133 137 141 143 144 145 149 153 158 159 160 161;
135 139 140 141 142 144 151 154 156 157 158 160;
134 137 138 139 140 145 150 153 154 155 157 159;
130 136 138 142 144 145 147 152 155 157 158 161;
131 136 138 140 141 143 148 152 153 154 156 161;
132 136 137 139 142 143 146 152 155 156 159 160;
133 134 135 138 142 143 149 150 151 155 156 161;
131 132 134 141 142 145 146 148 150 157 160 161;
132 133 135 136 140 145 147 148 150 156 158 159;
130 132 134 140 143 144 148 149 151 152 157 159;
130 131 135 139 143 145 147 148 151 153 155 160;
131 133 134 136 139 144 146 147 151 154 159 161;
131 132 135 137 138 144 147 149 150 152 154 160;
130 134 135 136 137 141 146 148 149 154 155 158;
130 131 133 137 140 142 146 150 151 152 153 158;
130 132 133 138 139 141 146 147 149 153 156 157;
150 154 156 159 160 161;
149 155 156 157 158 159;
151 153 154 155 158 161;
148 152 154 155 157 160;
147 152 153 156 158 160;
146 152 153 157 159 161;
149 150 151 153 157 160;
147 148 151 156 157 161;
146 148 151 158 159 160;
148 149 150 152 158 161;
146 147 149 155 160 161;
147 150 151 152 155 159;
147 148 149 153 154 159;
146 147 150 154 157 158;
146 148 150 153 155 156;
146 149 151 152 154 156;
;
;
;
;
;
;
;
;
;
;
;
;
;
;
;
.
p
x
o
q
